timestamp,elapsed_time,CUMULATIVE_FLOW,PRESSURE1,PRESSURE2,PRESSURE3,VALVE_STATE
2024-11-15 12:28:30,0.126798,0.0,30.47,0.0,,1.0
2024-11-15 12:28:30,0.257197,0.0,30.23,0.0,,1.0
2024-11-15 12:28:30,0.384304,0.0,30.47,0.0,,1.0
2024-11-15 12:28:30,0.511566,0.0,30.23,0.0,,1.0
2024-11-15 12:28:30,0.638189,0.0,30.47,0.0,,1.0
2024-11-15 12:28:30,0.765303,0.0,30.23,0.0,,1.0
2024-11-15 12:28:30,0.892692,0.0,30.47,0.0,,1.0
2024-11-15 12:28:31,1.019274,0.0,30.47,0.0,,1.0
2024-11-15 12:28:31,1.146534,0.0,30.47,0.0,,1.0
2024-11-15 12:28:31,1.273464,0.0,30.47,0.0,,1.0
2024-11-15 12:28:31,1.400163,0.0,30.47,0.0,,1.0
2024-11-15 12:28:31,1.527514,0.0,30.47,0.0,,1.0
2024-11-15 12:28:31,1.654313,0.0,30.72,0.0,,1.0
2024-11-15 12:28:31,1.781064,0.0,30.72,0.0,,1.0
2024-11-15 12:28:31,1.908174,0.0,30.47,0.0,,1.0
2024-11-15 12:28:32,2.035016,0.0,30.47,0.0,,1.0
2024-11-15 12:28:32,2.162404,0.0,30.47,0.0,,1.0
2024-11-15 12:28:32,2.289196,0.0,30.47,0.0,,1.0
2024-11-15 12:28:32,2.415965,0.0,30.47,0.0,,1.0
2024-11-15 12:28:32,2.542999,0.01,30.72,0.0,,1.0
2024-11-15 12:28:32,2.669792,0.01,30.72,0.0,,1.0
2024-11-15 12:28:32,2.793579,0.01,30.72,0.0,,1.0
2024-11-15 12:28:32,2.920066,0.01,30.47,0.0,,1.0
2024-11-15 12:28:33,3.046818,0.01,30.47,0.0,,1.0
2024-11-15 12:28:33,3.1737,0.01,30.47,0.0,,1.0
2024-11-15 12:28:33,3.297005,0.01,30.47,0.0,,1.0
2024-11-15 12:28:33,3.42393,0.01,30.47,0.0,,1.0
2024-11-15 12:28:33,3.550836,0.01,30.72,0.0,,1.0
2024-11-15 12:28:33,3.677818,0.01,30.47,0.0,,1.0
2024-11-15 12:28:33,3.804709,0.01,30.72,0.0,,1.0
2024-11-15 12:28:33,3.931969,0.01,30.47,0.0,,1.0
2024-11-15 12:28:34,4.059002,0.01,30.47,0.0,,1.0
2024-11-15 12:28:34,4.185857,0.01,30.72,0.0,,1.0
2024-11-15 12:28:34,4.313024,0.01,30.47,0.0,,1.0
2024-11-15 12:28:34,4.440495,0.02,30.72,0.0,,1.0
2024-11-15 12:28:34,4.567669,0.02,30.72,0.0,,1.0
2024-11-15 12:28:34,4.694173,0.02,30.72,0.0,,1.0
2024-11-15 12:28:34,4.820984,0.02,30.72,0.0,,1.0
2024-11-15 12:28:34,4.948287,0.02,30.47,0.0,,1.0
2024-11-15 12:28:35,5.078218,0.02,30.72,0.0,,1.0
2024-11-15 12:28:35,5.205511,0.02,30.72,0.0,,1.0
2024-11-15 12:28:35,5.332366,0.02,30.72,0.0,,1.0
2024-11-15 12:28:35,5.459172,0.02,30.72,0.0,,1.0
2024-11-15 12:28:35,5.58636,0.03,30.96,0.17,,1.0
2024-11-15 12:28:35,5.713171,0.03,30.72,0.0,,1.0
2024-11-15 12:28:35,5.840222,0.03,30.72,0.0,,1.0
2024-11-15 12:28:36,5.967246,0.03,30.72,0.0,,1.0
2024-11-15 12:28:36,6.094211,0.03,30.47,0.0,,1.0
2024-11-15 12:28:36,6.22154,0.03,30.72,0.0,,1.0
2024-11-15 12:28:36,6.348148,0.03,30.72,0.0,,1.0
2024-11-15 12:28:36,6.475119,0.03,30.72,0.0,,1.0
2024-11-15 12:28:36,6.60233,0.03,30.72,0.0,,1.0
2024-11-15 12:28:36,6.729055,0.04,30.72,0.0,,1.0
2024-11-15 12:28:36,6.856129,0.04,30.72,0.0,,1.0
2024-11-15 12:28:37,6.983039,0.04,30.47,0.0,,1.0
2024-11-15 12:28:37,7.109802,0.04,30.72,0.0,,1.0
2024-11-15 12:28:37,7.233337,0.04,30.72,0.0,,1.0
2024-11-15 12:28:37,7.360159,0.04,30.96,0.0,,1.0
2024-11-15 12:28:37,7.487066,0.04,30.72,0.0,,1.0
2024-11-15 12:28:37,7.613946,0.04,30.72,0.0,,1.0
2024-11-15 12:28:37,7.737509,0.04,30.72,0.0,,1.0
2024-11-15 12:28:37,7.864056,0.04,30.96,0.0,,1.0
2024-11-15 12:28:38,7.990969,0.04,30.96,0.0,,1.0
2024-11-15 12:28:38,8.117868,0.04,30.72,0.0,,1.0
2024-11-15 12:28:38,8.244902,0.04,31.7,3.84,,1.0
2024-11-15 12:28:38,8.372047,0.04,31.94,3.35,,1.0
2024-11-15 12:28:38,8.498801,0.04,31.45,4.08,,1.0
2024-11-15 12:28:38,8.625931,0.05,31.94,9.21,,1.0
2024-11-15 12:28:38,8.752713,0.05,31.21,29.74,,1.0
2024-11-15 12:28:38,8.883288,0.05,29.99,29.74,,1.0
2024-11-15 12:28:39,9.010641,0.05,30.23,18.01,,1.0
2024-11-15 12:28:39,9.137584,0.05,30.47,14.1,,1.0
2024-11-15 12:28:39,9.264905,0.05,30.47,11.66,,1.0
2024-11-15 12:28:39,9.395589,0.05,30.47,9.46,,1.0
2024-11-15 12:28:39,9.522658,0.05,30.47,8.24,,1.0
2024-11-15 12:28:39,9.649482,0.05,30.47,6.77,,1.0
2024-11-15 12:28:39,9.776405,0.05,30.47,6.28,,1.0
2024-11-15 12:28:39,9.903567,0.05,30.72,5.3,,1.0
2024-11-15 12:28:40,10.030548,0.05,30.72,5.79,,1.0
2024-11-15 12:28:40,10.157771,0.05,30.47,4.08,,1.0
2024-11-15 12:28:40,10.28444,0.05,30.47,3.35,,1.0
2024-11-15 12:28:40,10.411819,0.05,30.47,3.35,,1.0
2024-11-15 12:28:40,10.538208,0.05,30.47,2.86,,1.0
2024-11-15 12:28:40,10.665314,0.05,30.47,2.37,,1.0
2024-11-15 12:28:40,10.792551,0.05,30.47,2.86,,1.0
2024-11-15 12:28:40,10.919352,0.05,30.47,2.37,,1.0
2024-11-15 12:28:41,11.046051,0.05,30.47,1.64,,1.0
2024-11-15 12:28:41,11.174018,0.05,30.47,1.64,,1.0
2024-11-15 12:28:41,11.300962,0.05,30.72,1.64,,1.0
2024-11-15 12:28:41,11.427452,0.05,30.72,0.9,,1.0
2024-11-15 12:28:41,11.554037,0.05,30.72,0.42,,1.0
2024-11-15 12:28:41,11.681001,0.05,30.47,1.15,,1.0
2024-11-15 12:28:41,11.808002,0.05,30.47,1.15,,1.0
2024-11-15 12:28:41,11.935032,0.05,30.47,0.66,,1.0
2024-11-15 12:28:42,12.062175,0.05,30.47,0.42,,1.0
2024-11-15 12:28:42,12.188739,0.05,30.47,0.42,,1.0
2024-11-15 12:28:42,12.31572,0.05,30.72,0.66,,1.0
2024-11-15 12:28:42,12.439942,0.05,30.72,0.42,,1.0
2024-11-15 12:28:42,12.56657,0.05,30.72,0.66,,1.0
2024-11-15 12:28:42,12.692664,0.05,30.47,0.17,,1.0
2024-11-15 12:28:42,12.819738,0.05,30.47,0.0,,1.0
2024-11-15 12:28:42,12.943635,0.06,30.47,0.0,,1.0
2024-11-15 12:28:43,13.069905,0.07,30.47,0.0,,1.0
2024-11-15 12:28:43,13.20058,0.08,30.23,0.17,,1.0
2024-11-15 12:28:43,13.327333,0.09,30.47,0.0,,1.0
2024-11-15 12:28:43,13.454394,0.11,30.72,0.0,,1.0
2024-11-15 12:28:43,13.581566,0.12,30.47,0.0,,1.0
2024-11-15 12:28:43,13.70872,0.13,30.47,0.0,,1.0
2024-11-15 12:28:43,13.835229,0.14,30.72,0.0,,1.0
2024-11-15 12:28:43,13.962398,0.15,30.47,0.0,,1.0
2024-11-15 12:28:44,14.089753,0.15,30.23,0.0,,1.0
2024-11-15 12:28:44,14.216681,0.15,30.72,0.0,,1.0
2024-11-15 12:28:44,14.343423,0.15,30.47,0.0,,1.0
2024-11-15 12:28:44,14.470355,0.15,30.47,0.0,,1.0
2024-11-15 12:28:44,14.597624,0.15,30.72,0.0,,1.0
2024-11-15 12:28:44,14.724209,0.15,30.47,0.0,,1.0
2024-11-15 12:28:44,14.851272,0.15,30.47,0.0,,1.0
2024-11-15 12:28:45,14.978342,0.15,30.47,0.0,,1.0
2024-11-15 12:28:45,15.105361,0.15,30.72,0.0,,1.0
2024-11-15 12:28:45,15.232187,0.15,30.47,0.0,,1.0
2024-11-15 12:28:45,15.359255,0.15,30.47,0.0,,1.0
2024-11-15 12:28:45,15.486033,0.15,30.47,0.0,,1.0
2024-11-15 12:28:45,15.613361,0.15,30.47,0.0,,1.0
2024-11-15 12:28:45,15.740448,0.15,30.47,0.0,,1.0
2024-11-15 12:28:45,15.867426,0.15,30.47,0.0,,1.0
2024-11-15 12:28:46,15.993975,0.15,30.47,0.0,,1.0
2024-11-15 12:28:46,16.121116,0.15,30.47,0.0,,1.0
2024-11-15 12:28:46,16.248376,0.15,30.72,0.0,,1.0
2024-11-15 12:28:46,16.375768,0.15,30.72,0.0,,1.0
2024-11-15 12:28:46,16.501786,0.15,30.47,0.0,,1.0
2024-11-15 12:28:46,16.628692,0.15,30.47,0.0,,1.0
2024-11-15 12:28:46,16.752219,0.16,30.72,0.0,,1.0
2024-11-15 12:28:46,16.879115,0.16,30.47,0.0,,1.0
2024-11-15 12:28:47,17.005743,0.16,30.72,0.0,,1.0
2024-11-15 12:28:47,17.132394,0.16,30.47,0.0,,1.0
2024-11-15 12:28:47,17.25618,0.16,30.47,0.0,,1.0
2024-11-15 12:28:47,17.383576,0.16,30.47,0.0,,1.0
2024-11-15 12:28:47,17.510163,0.16,30.47,0.0,,1.0
2024-11-15 12:28:47,17.6368,0.16,30.47,0.0,,1.0
2024-11-15 12:28:47,17.763656,0.16,30.72,0.0,,1.0
2024-11-15 12:28:47,17.891465,0.16,30.72,0.0,,1.0
2024-11-15 12:28:48,18.018452,0.16,30.72,0.0,,1.0
2024-11-15 12:28:48,18.14834,0.16,30.47,0.0,,1.0
2024-11-15 12:28:48,18.275118,0.16,30.72,0.0,,1.0
2024-11-15 12:28:48,18.402494,0.16,30.72,0.0,,1.0
2024-11-15 12:28:48,18.529402,0.16,30.72,0.0,,1.0
2024-11-15 12:28:48,18.65611,0.16,30.72,0.0,,1.0
2024-11-15 12:28:48,18.783145,0.16,30.72,0.0,,1.0
2024-11-15 12:28:48,18.910444,0.16,30.72,0.0,,1.0
2024-11-15 12:28:49,19.037383,0.16,30.47,0.0,,1.0
2024-11-15 12:28:49,19.164017,0.16,30.72,0.0,,1.0
2024-11-15 12:28:49,19.2913,0.16,30.72,0.0,,1.0
2024-11-15 12:28:49,19.418183,0.16,30.72,0.0,,1.0
2024-11-15 12:28:49,19.545072,0.16,31.7,4.57,,1.0
2024-11-15 12:28:49,19.671943,0.16,31.7,9.21,,1.0
2024-11-15 12:28:49,19.799342,0.17,31.45,8.48,,1.0
2024-11-15 12:28:49,19.926025,0.18,30.96,29.01,,1.0
2024-11-15 12:28:50,20.0533,0.18,30.72,29.99,,1.0
2024-11-15 12:28:50,20.180269,0.18,29.74,28.52,,1.0
2024-11-15 12:28:50,20.310901,0.18,30.47,18.01,,1.0
2024-11-15 12:28:50,20.438007,0.18,30.47,12.15,,1.0
2024-11-15 12:28:50,20.565707,0.18,30.47,10.68,,1.0
2024-11-15 12:28:50,20.692703,0.18,30.23,6.28,,1.0
2024-11-15 12:28:50,20.819317,0.18,30.47,4.08,,1.0
2024-11-15 12:28:50,20.946277,0.18,30.23,4.57,,1.0
2024-11-15 12:28:51,21.074002,0.18,30.47,3.59,,1.0
2024-11-15 12:28:51,21.20062,0.18,30.47,3.84,,1.0
2024-11-15 12:28:51,21.331032,0.18,30.47,3.1,,1.0
2024-11-15 12:28:51,21.457659,0.18,30.47,2.86,,1.0
2024-11-15 12:28:51,21.584754,0.18,30.47,1.88,,1.0
2024-11-15 12:28:51,21.70885,0.18,30.47,2.13,,1.0
2024-11-15 12:28:51,21.835258,0.18,30.47,2.61,,1.0
2024-11-15 12:28:51,21.962218,0.18,30.47,1.88,,1.0
2024-11-15 12:28:52,22.088976,0.18,30.47,1.64,,1.0
2024-11-15 12:28:52,22.212557,0.18,30.23,1.15,,1.0
2024-11-15 12:28:52,22.338902,0.18,30.47,1.15,,1.0
2024-11-15 12:28:52,22.465683,0.18,30.47,1.15,,1.0
2024-11-15 12:28:52,22.593346,0.18,30.47,0.66,,1.0
2024-11-15 12:28:52,22.719471,0.18,30.47,0.66,,1.0
2024-11-15 12:28:52,22.846417,0.18,30.47,0.42,,1.0
2024-11-15 12:28:53,22.973382,0.18,30.47,0.42,,1.0
2024-11-15 12:28:53,23.100359,0.18,30.47,0.42,,1.0
2024-11-15 12:28:53,23.22739,0.18,30.47,0.42,,1.0
2024-11-15 12:28:53,23.354456,0.18,30.47,0.17,,1.0
2024-11-15 12:28:53,23.482295,0.18,30.23,0.17,,1.0
2024-11-15 12:28:53,23.60895,0.18,30.47,0.0,,1.0
2024-11-15 12:28:53,23.735599,0.18,30.47,0.0,,1.0
2024-11-15 12:28:53,23.862526,0.18,30.47,0.0,,1.0
2024-11-15 12:28:54,23.989961,0.18,30.47,0.0,,1.0
2024-11-15 12:28:54,24.116501,0.19,30.72,0.0,,1.0
2024-11-15 12:28:54,24.243492,0.19,30.47,0.0,,1.0
2024-11-15 12:28:54,24.370688,0.2,30.47,0.0,,1.0
2024-11-15 12:28:54,24.497354,0.21,30.47,0.0,,1.0
2024-11-15 12:28:54,24.624197,0.21,30.47,0.0,,1.0
2024-11-15 12:28:54,24.751353,0.22,30.47,0.0,,1.0
2024-11-15 12:28:54,24.878517,0.22,30.47,0.17,,1.0
2024-11-15 12:28:55,25.005803,0.23,30.47,0.0,,1.0
2024-11-15 12:28:55,25.132952,0.23,30.47,0.0,,1.0
2024-11-15 12:28:55,25.259531,0.23,30.47,0.0,,1.0
2024-11-15 12:28:55,25.386622,0.24,30.47,0.0,,1.0
2024-11-15 12:28:55,25.513762,0.25,30.23,0.0,,1.0
2024-11-15 12:28:55,25.640752,0.25,30.23,0.0,,1.0
2024-11-15 12:28:55,25.767578,0.25,30.47,0.0,,1.0
2024-11-15 12:28:55,25.894918,0.25,30.47,0.0,,1.0
2024-11-15 12:28:56,26.021486,0.25,30.47,0.0,,1.0
2024-11-15 12:28:56,26.1481,0.25,30.47,0.0,,1.0
2024-11-15 12:28:56,26.27515,0.25,30.23,0.0,,1.0
2024-11-15 12:28:56,26.401663,0.26,30.23,0.0,,1.0
2024-11-15 12:28:56,26.528634,0.26,30.47,0.0,,1.0
2024-11-15 12:28:56,26.652015,0.26,30.23,0.0,,1.0
2024-11-15 12:28:56,26.779018,0.26,30.47,0.0,,1.0
2024-11-15 12:28:56,26.905744,0.26,30.47,0.0,,1.0
2024-11-15 12:28:57,27.032896,0.26,30.23,0.0,,1.0
2024-11-15 12:28:57,27.159397,0.26,30.47,0.0,,1.0
2024-11-15 12:28:57,27.286962,0.26,30.23,0.0,,1.0
2024-11-15 12:28:57,27.413946,0.26,30.47,0.0,,1.0
2024-11-15 12:28:57,27.54098,0.26,30.47,0.0,,1.0
2024-11-15 12:28:57,27.667932,0.26,30.23,0.0,,1.0
2024-11-15 12:28:57,27.794576,0.26,30.47,0.0,,1.0
2024-11-15 12:28:57,27.921749,0.26,30.23,0.0,,1.0
2024-11-15 12:28:58,28.048594,0.26,30.23,0.0,,1.0
2024-11-15 12:28:58,28.175865,0.26,30.23,0.0,,1.0
2024-11-15 12:28:58,28.302728,0.26,30.23,0.0,,1.0
2024-11-15 12:28:58,28.429537,0.26,30.23,0.0,,1.0
2024-11-15 12:28:58,28.556773,0.26,30.23,0.0,,1.0
2024-11-15 12:28:58,28.683426,0.26,30.23,0.0,,1.0
2024-11-15 12:28:58,28.810405,0.26,30.23,0.0,,1.0
2024-11-15 12:28:58,28.937264,0.27,30.23,0.0,,1.0
2024-11-15 12:28:59,29.064496,0.27,29.99,0.0,,1.0
2024-11-15 12:28:59,29.19172,0.27,31.21,4.57,,1.0
2024-11-15 12:28:59,29.318846,0.27,30.96,6.28,,1.0
2024-11-15 12:28:59,29.445544,0.27,30.72,2.61,,1.0
2024-11-15 12:28:59,29.572416,0.28,30.47,28.52,,1.0
2024-11-15 12:28:59,29.703196,0.29,29.25,28.52,,1.0
2024-11-15 12:28:59,29.830066,0.29,29.5,14.83,,1.0
2024-11-15 12:28:59,29.957131,0.29,29.99,10.68,,1.0
2024-11-15 12:29:00,30.084271,0.29,29.74,7.5,,1.0
2024-11-15 12:29:00,30.211249,0.29,29.74,6.77,,1.0
2024-11-15 12:29:00,30.33841,0.29,29.74,5.79,,1.0
2024-11-15 12:29:00,30.465329,0.29,29.74,5.06,,1.0
2024-11-15 12:29:00,30.592614,0.29,29.74,4.81,,1.0
2024-11-15 12:29:00,30.719145,0.29,29.74,3.59,,1.0
2024-11-15 12:29:00,30.846307,0.29,29.74,3.1,,1.0
2024-11-15 12:29:01,30.972877,0.29,29.74,2.86,,1.0
2024-11-15 12:29:01,31.099927,0.29,29.74,3.1,,1.0
2024-11-15 12:29:01,31.226685,0.29,29.74,2.86,,1.0
2024-11-15 12:29:01,31.35337,0.29,29.74,2.61,,1.0
2024-11-15 12:29:01,31.476982,0.29,29.74,2.61,,1.0
2024-11-15 12:29:01,31.604232,0.29,29.99,1.39,,1.0
2024-11-15 12:29:01,31.730529,0.29,29.74,2.37,,1.0
2024-11-15 12:29:01,31.85751,0.29,29.74,1.88,,1.0
2024-11-15 12:29:02,31.98485,0.29,29.74,1.39,,1.0
2024-11-15 12:29:02,32.111605,0.29,29.74,1.39,,1.0
2024-11-15 12:29:02,32.238648,0.29,29.74,0.9,,1.0
2024-11-15 12:29:02,32.365478,0.29,29.74,1.39,,1.0
2024-11-15 12:29:02,32.492468,0.29,29.74,1.15,,1.0
2024-11-15 12:29:02,32.619899,0.29,29.99,0.66,,1.0
2024-11-15 12:29:02,32.746635,0.29,29.74,1.15,,1.0
2024-11-15 12:29:02,32.8739,0.29,29.74,0.9,,1.0
2024-11-15 12:29:03,33.000237,0.29,29.74,0.42,,1.0
2024-11-15 12:29:03,33.127198,0.29,29.74,0.42,,1.0
2024-11-15 12:29:03,33.254702,0.29,29.74,0.17,,1.0
2024-11-15 12:29:03,33.381472,0.29,29.74,0.17,,1.0
2024-11-15 12:29:03,33.508489,0.29,29.74,0.17,,1.0
2024-11-15 12:29:03,33.635405,0.29,29.5,0.0,,1.0
2024-11-15 12:29:03,33.762865,0.29,29.74,0.42,,1.0
2024-11-15 12:29:03,33.889446,0.29,29.5,0.17,,1.0
2024-11-15 12:29:04,34.016816,0.29,29.99,0.0,,1.0
2024-11-15 12:29:04,34.143643,0.3,29.74,0.0,,1.0
2024-11-15 12:29:04,34.270484,0.3,29.5,0.17,,1.0
2024-11-15 12:29:04,34.397131,0.3,29.5,0.0,,1.0
2024-11-15 12:29:04,34.524313,0.31,29.5,0.0,,1.0
2024-11-15 12:29:04,34.651616,0.32,29.74,0.0,,1.0
2024-11-15 12:29:04,34.778586,0.33,29.74,0.0,,1.0
2024-11-15 12:29:04,34.905273,0.34,29.74,0.0,,1.0
2024-11-15 12:29:05,35.032823,0.35,29.74,0.0,,1.0
2024-11-15 12:29:05,35.159741,0.35,29.74,0.0,,1.0
2024-11-15 12:29:05,35.286676,0.36,29.74,0.0,,1.0
2024-11-15 12:29:05,35.413445,0.36,29.5,0.0,,1.0
2024-11-15 12:29:05,35.539827,0.36,29.5,0.0,,1.0
2024-11-15 12:29:05,35.666647,0.37,29.5,0.0,,1.0
2024-11-15 12:29:05,35.790173,0.37,29.5,0.0,,1.0
2024-11-15 12:29:05,35.916855,0.37,29.74,0.0,,1.0
2024-11-15 12:29:06,36.043541,0.37,29.5,0.0,,1.0
2024-11-15 12:29:06,36.17038,0.37,29.74,0.0,,1.0
2024-11-15 12:29:06,36.297486,0.37,29.5,0.0,,1.0
2024-11-15 12:29:06,36.424359,0.37,29.5,0.0,,1.0
2024-11-15 12:29:06,36.55171,0.37,29.5,0.0,,1.0
2024-11-15 12:29:06,36.678636,0.37,29.25,0.0,,1.0
2024-11-15 12:29:06,36.805483,0.37,29.5,0.0,,1.0
2024-11-15 12:29:06,36.932486,0.37,29.5,0.0,,1.0
2024-11-15 12:29:07,37.059435,0.37,29.5,0.0,,1.0
2024-11-15 12:29:07,37.186593,0.37,29.25,0.0,,1.0
2024-11-15 12:29:07,37.313139,0.37,29.5,0.0,,1.0
2024-11-15 12:29:07,37.440403,0.37,29.5,0.0,,1.0
2024-11-15 12:29:07,37.567254,0.37,29.5,0.0,,1.0
2024-11-15 12:29:07,37.694804,0.38,29.5,0.0,,1.0
2024-11-15 12:29:07,37.821815,0.38,29.5,0.0,,1.0
2024-11-15 12:29:07,37.948256,0.38,29.5,0.0,,1.0
2024-11-15 12:29:08,38.075347,0.38,29.25,0.0,,1.0
2024-11-15 12:29:08,38.202781,0.38,29.25,0.0,,1.0
2024-11-15 12:29:08,38.329299,0.38,29.5,0.0,,1.0
2024-11-15 12:29:08,38.456066,0.38,29.25,0.0,,1.0
2024-11-15 12:29:08,38.583297,0.38,29.25,0.0,,1.0
2024-11-15 12:29:08,38.710518,0.38,29.5,0.0,,1.0
2024-11-15 12:29:08,38.837385,0.38,29.25,0.0,,1.0
2024-11-15 12:29:09,38.963976,0.38,29.25,0.0,,1.0
2024-11-15 12:29:09,39.091511,0.38,29.5,0.0,,1.0
2024-11-15 12:29:09,39.218067,0.38,29.25,0.0,,1.0
2024-11-15 12:29:09,39.345215,0.38,29.25,0.0,,1.0
2024-11-15 12:29:09,39.47217,0.38,29.25,0.0,,1.0
2024-11-15 12:29:09,39.599294,0.38,29.25,0.0,,1.0
2024-11-15 12:29:09,39.726088,0.38,29.25,0.0,,1.0
2024-11-15 12:29:09,39.853176,0.38,29.5,0.0,,1.0
2024-11-15 12:29:10,39.979586,0.38,29.5,0.0,,1.0
2024-11-15 12:29:10,40.106679,0.38,29.25,0.0,,1.0
2024-11-15 12:29:10,40.229742,0.38,29.25,0.0,,1.0
2024-11-15 12:29:10,40.356842,0.38,30.47,1.64,,1.0
2024-11-15 12:29:10,40.483455,0.38,30.23,5.79,,1.0
2024-11-15 12:29:10,40.610564,0.39,29.99,6.52,,1.0
2024-11-15 12:29:10,40.737497,0.39,30.23,4.08,,1.0
2024-11-15 12:29:10,40.864373,0.4,27.79,25.59,,1.0
2024-11-15 12:29:11,40.991498,0.4,28.03,26.81,,1.0
2024-11-15 12:29:11,41.118757,0.4,28.52,18.01,,1.0
2024-11-15 12:29:11,41.249231,0.4,28.76,12.88,,1.0
2024-11-15 12:29:11,41.376231,0.4,28.76,10.19,,1.0
2024-11-15 12:29:11,41.503311,0.4,29.01,8.97,,1.0
2024-11-15 12:29:11,41.630508,0.4,29.01,7.5,,1.0
2024-11-15 12:29:11,41.75737,0.4,29.01,6.77,,1.0
2024-11-15 12:29:11,41.885013,0.4,29.25,5.79,,1.0
2024-11-15 12:29:12,42.011513,0.4,29.01,4.81,,1.0
2024-11-15 12:29:12,42.138699,0.4,29.01,4.33,,1.0
2024-11-15 12:29:12,42.265803,0.4,29.01,4.08,,1.0
2024-11-15 12:29:12,42.39309,0.4,29.01,3.59,,1.0
2024-11-15 12:29:12,42.519654,0.4,29.01,3.1,,1.0
2024-11-15 12:29:12,42.646451,0.4,29.01,3.1,,1.0
2024-11-15 12:29:12,42.774106,0.4,29.01,3.59,,1.0
2024-11-15 12:29:12,42.900978,0.4,28.76,2.61,,1.0
2024-11-15 12:29:13,43.027639,0.4,29.01,1.88,,1.0
2024-11-15 12:29:13,43.154062,0.4,28.76,2.61,,1.0
2024-11-15 12:29:13,43.281443,0.4,28.76,1.88,,1.0
2024-11-15 12:29:13,43.408441,0.4,29.01,1.88,,1.0
2024-11-15 12:29:13,43.535577,0.4,28.76,1.39,,1.0
2024-11-15 12:29:13,43.662429,0.4,29.01,1.15,,1.0
2024-11-15 12:29:13,43.789918,0.4,29.01,1.15,,1.0
2024-11-15 12:29:13,43.916588,0.4,28.76,1.15,,1.0
2024-11-15 12:29:14,44.046561,0.4,28.76,0.66,,1.0
2024-11-15 12:29:14,44.1736,0.4,28.76,0.42,,1.0
2024-11-15 12:29:14,44.300693,0.4,28.76,0.9,,1.0
2024-11-15 12:29:14,44.427601,0.4,28.76,0.66,,1.0
2024-11-15 12:29:14,44.554504,0.4,29.01,0.42,,1.0
2024-11-15 12:29:14,44.681591,0.4,28.76,0.0,,1.0
2024-11-15 12:29:14,44.805387,0.4,29.01,0.0,,1.0
2024-11-15 12:29:14,44.932026,0.4,28.52,0.0,,1.0
2024-11-15 12:29:15,45.058607,0.4,29.01,0.0,,1.0
2024-11-15 12:29:15,45.185609,0.4,28.76,0.0,,1.0
2024-11-15 12:29:15,45.309043,0.4,28.76,0.0,,1.0
2024-11-15 12:29:15,45.436032,0.41,28.52,0.0,,1.0
2024-11-15 12:29:15,45.562361,0.41,28.52,0.0,,1.0
2024-11-15 12:29:15,45.69,0.41,28.76,0.0,,1.0
2024-11-15 12:29:15,45.816658,0.41,28.52,0.0,,1.0
2024-11-15 12:29:15,45.943517,0.43,28.76,0.0,,1.0
2024-11-15 12:29:16,46.070932,0.44,28.76,0.0,,1.0
2024-11-15 12:29:16,46.197919,0.45,28.76,0.0,,1.0
2024-11-15 12:29:16,46.324609,0.46,28.76,0.0,,1.0
2024-11-15 12:29:16,46.451616,0.47,28.52,0.0,,1.0
2024-11-15 12:29:16,46.578492,0.48,28.76,0.0,,1.0
2024-11-15 12:29:16,46.705692,0.48,28.76,0.0,,1.0
2024-11-15 12:29:16,46.832849,0.49,28.52,0.0,,1.0
2024-11-15 12:29:16,46.9599,0.49,28.52,0.0,,1.0
2024-11-15 12:29:17,47.086408,0.49,28.76,0.0,,1.0
2024-11-15 12:29:17,47.21358,0.49,28.52,0.0,,1.0
2024-11-15 12:29:17,47.340136,0.49,28.76,0.0,,1.0
2024-11-15 12:29:17,47.46786,0.49,28.52,0.0,,1.0
2024-11-15 12:29:17,47.59452,0.5,28.52,0.0,,1.0
2024-11-15 12:29:17,47.721865,0.5,28.52,0.0,,1.0
2024-11-15 12:29:17,47.84885,0.5,28.52,0.0,,1.0
2024-11-15 12:29:18,47.975251,0.5,28.52,0.0,,1.0
2024-11-15 12:29:18,48.102733,0.5,28.52,0.0,,1.0
2024-11-15 12:29:18,48.229302,0.5,28.52,0.0,,1.0
2024-11-15 12:29:18,48.35633,0.5,28.52,0.0,,1.0
2024-11-15 12:29:18,48.483805,0.5,28.52,0.0,,1.0
2024-11-15 12:29:18,48.610434,0.5,28.52,0.0,,1.0
2024-11-15 12:29:18,48.737582,0.5,28.76,0.0,,1.0
2024-11-15 12:29:18,48.867773,0.5,28.76,0.0,,1.0
2024-11-15 12:29:19,48.994513,0.5,28.76,0.0,,1.0
2024-11-15 12:29:19,49.121821,0.5,28.52,0.0,,1.0
2024-11-15 12:29:19,49.245249,0.5,28.52,0.0,,1.0
2024-11-15 12:29:19,49.371967,0.5,28.52,0.0,,1.0
2024-11-15 12:29:19,49.498471,0.5,28.52,0.0,,1.0
2024-11-15 12:29:19,49.625346,0.5,28.52,0.0,,1.0
2024-11-15 12:29:19,49.749342,0.5,28.52,0.0,,1.0
2024-11-15 12:29:19,49.875568,0.5,28.52,0.0,,1.0
2024-11-15 12:29:20,50.002287,0.51,28.27,0.0,,1.0
2024-11-15 12:29:20,50.129212,0.51,28.27,0.0,,1.0
2024-11-15 12:29:20,50.256823,0.51,28.52,0.0,,1.0
2024-11-15 12:29:20,50.383531,0.51,28.27,0.0,,1.0
2024-11-15 12:29:20,50.510353,0.51,28.52,0.0,,1.0
2024-11-15 12:29:20,50.637436,0.51,28.52,0.0,,1.0
2024-11-15 12:29:20,50.76477,0.51,28.52,0.0,,1.0
2024-11-15 12:29:20,50.891542,0.51,28.52,0.17,,1.0
2024-11-15 12:29:21,51.018345,0.51,28.52,0.0,,1.0
2024-11-15 12:29:21,51.145107,0.51,28.52,0.0,,1.0
2024-11-15 12:29:21,51.272518,0.51,28.52,0.0,,1.0
2024-11-15 12:29:21,51.399311,0.51,28.52,0.0,,1.0
2024-11-15 12:29:21,51.526296,0.51,28.52,0.0,,1.0
2024-11-15 12:29:21,51.653252,0.51,28.27,0.0,,1.0
2024-11-15 12:29:21,51.780298,0.51,28.27,0.0,,1.0
2024-11-15 12:29:21,51.907805,0.51,28.52,0.0,,1.0
2024-11-15 12:29:22,52.03496,0.51,28.27,0.0,,1.0
2024-11-15 12:29:22,52.161398,0.51,28.27,0.0,,1.0
2024-11-15 12:29:22,52.288238,0.51,28.52,0.0,,1.0
2024-11-15 12:29:22,52.415519,0.51,28.52,0.0,,1.0
2024-11-15 12:29:22,52.542531,0.51,28.52,0.0,,1.0
2024-11-15 12:29:22,52.669675,0.51,28.52,0.0,,1.0
2024-11-15 12:29:22,52.795843,0.51,29.5,4.81,,1.0
2024-11-15 12:29:22,52.922817,0.52,29.5,8.24,,1.0
2024-11-15 12:29:23,53.049744,0.52,29.25,8.97,,1.0
2024-11-15 12:29:23,53.176726,0.53,27.79,32.67,,1.0
2024-11-15 12:29:23,53.307524,0.54,27.54,25.59,,1.0
2024-11-15 12:29:23,53.434668,0.54,28.03,11.66,,1.0
2024-11-15 12:29:23,53.562409,0.54,27.79,6.28,,1.0
2024-11-15 12:29:23,53.688955,0.54,28.03,5.79,,1.0
2024-11-15 12:29:23,53.816147,0.54,28.03,3.59,,1.0
2024-11-15 12:29:23,53.943052,0.54,28.03,2.86,,1.0
2024-11-15 12:29:24,54.069751,0.54,28.03,2.37,,1.0
2024-11-15 12:29:24,54.196817,0.54,28.03,1.15,,1.0
2024-11-15 12:29:24,54.32343,0.54,28.03,1.39,,1.0
2024-11-15 12:29:24,54.446843,0.54,28.03,1.64,,1.0
2024-11-15 12:29:24,54.573288,0.54,28.03,0.66,,1.0
2024-11-15 12:29:24,54.700113,0.54,28.27,0.42,,1.0
2024-11-15 12:29:24,54.827165,0.54,28.03,0.0,,1.0
2024-11-15 12:29:24,54.954428,0.54,28.27,0.17,,1.0
2024-11-15 12:29:25,55.081059,0.54,28.03,0.17,,1.0
2024-11-15 12:29:25,55.208342,0.54,28.03,0.0,,1.0
2024-11-15 12:29:25,55.335142,0.54,28.03,0.0,,1.0
2024-11-15 12:29:25,55.462506,0.54,28.03,0.0,,1.0
2024-11-15 12:29:25,55.589094,0.55,28.27,0.0,,1.0
2024-11-15 12:29:25,55.716654,0.56,28.03,0.0,,1.0
2024-11-15 12:29:25,55.843303,0.57,28.03,0.0,,1.0
2024-11-15 12:29:26,55.97007,0.57,28.03,0.0,,1.0
2024-11-15 12:29:26,56.09709,0.58,28.03,0.42,,1.0
2024-11-15 12:29:26,56.22449,0.59,28.03,0.0,,1.0
2024-11-15 12:29:26,56.351158,0.59,28.03,0.0,,1.0
2024-11-15 12:29:26,56.477932,0.59,28.03,0.0,,1.0
2024-11-15 12:29:26,56.605223,0.6,28.27,0.17,,1.0
2024-11-15 12:29:26,56.732413,0.6,27.79,0.0,,1.0
2024-11-15 12:29:26,56.858893,0.6,27.79,0.0,,1.0
2024-11-15 12:29:27,56.985887,0.61,28.03,0.0,,1.0
2024-11-15 12:29:27,57.112776,0.61,28.03,0.0,,1.0
2024-11-15 12:29:27,57.240351,0.61,28.03,0.0,,1.0
2024-11-15 12:29:27,57.367099,0.61,28.03,0.0,,1.0
2024-11-15 12:29:27,57.493704,0.61,28.03,0.0,,1.0
2024-11-15 12:29:27,57.620995,0.61,28.03,0.0,,1.0
2024-11-15 12:29:27,57.748399,0.61,28.03,0.0,,1.0
2024-11-15 12:29:27,57.875238,0.61,28.03,0.0,,1.0
2024-11-15 12:29:28,58.00176,0.61,28.03,0.0,,1.0
2024-11-15 12:29:28,58.128889,0.62,27.79,0.0,,1.0
2024-11-15 12:29:28,58.255836,0.62,28.03,0.0,,1.0
2024-11-15 12:29:28,58.382846,0.62,27.79,0.0,,1.0
2024-11-15 12:29:28,58.50925,0.62,27.79,0.0,,1.0
2024-11-15 12:29:28,58.636281,0.62,28.03,0.0,,1.0
2024-11-15 12:29:28,58.760296,0.62,27.79,0.0,,1.0
2024-11-15 12:29:28,58.886679,0.62,27.79,0.0,,1.0
2024-11-15 12:29:29,59.013324,0.62,27.79,0.0,,1.0
2024-11-15 12:29:29,59.140139,0.62,27.79,0.0,,1.0
2024-11-15 12:29:29,59.267268,0.62,27.79,0.0,,1.0
2024-11-15 12:29:29,59.394171,0.63,27.79,0.0,,1.0
2024-11-15 12:29:29,59.521462,0.63,28.03,0.0,,1.0
2024-11-15 12:29:29,59.648069,0.63,27.79,0.0,,1.0
2024-11-15 12:29:29,59.77516,0.63,27.79,0.0,,1.0
2024-11-15 12:29:29,59.902287,0.63,27.79,0.0,,1.0
2024-11-15 12:29:30,60.029019,0.63,27.79,0.0,,1.0
2024-11-15 12:29:30,60.155842,0.63,27.79,0.0,,1.0
2024-11-15 12:29:30,60.282736,0.63,28.03,0.0,,1.0
2024-11-15 12:29:30,60.409802,0.63,27.79,0.0,,1.0
2024-11-15 12:29:30,60.536778,0.63,27.79,0.0,,1.0
2024-11-15 12:29:30,60.663767,0.63,27.79,0.0,,1.0
2024-11-15 12:29:30,60.791039,0.63,27.79,0.0,,1.0
2024-11-15 12:29:30,60.918234,0.63,27.79,0.0,,1.0
2024-11-15 12:29:31,61.044665,0.63,27.79,0.0,,1.0
2024-11-15 12:29:31,61.171798,0.63,27.79,0.0,,1.0
2024-11-15 12:29:31,61.2993,0.63,27.79,0.0,,1.0
2024-11-15 12:29:31,61.425905,0.63,27.79,0.0,,1.0
2024-11-15 12:29:31,61.552747,0.63,27.79,0.0,,1.0
2024-11-15 12:29:31,61.680032,0.63,27.54,0.0,,1.0
2024-11-15 12:29:31,61.806623,0.63,27.79,0.0,,1.0
2024-11-15 12:29:31,61.933845,0.63,27.79,0.0,,1.0
2024-11-15 12:29:32,62.061033,0.63,27.54,0.0,,1.0
2024-11-15 12:29:32,62.188287,0.63,27.54,0.0,,1.0
2024-11-15 12:29:32,62.314628,0.63,27.79,0.0,,1.0
2024-11-15 12:29:32,62.442242,0.63,27.79,0.0,,1.0
2024-11-15 12:29:32,62.568913,0.63,27.54,0.0,,1.0
2024-11-15 12:29:32,62.695688,0.63,27.54,0.0,,1.0
2024-11-15 12:29:32,62.822478,0.63,27.79,0.0,,1.0
2024-11-15 12:29:32,62.949633,0.63,27.79,0.0,,1.0
2024-11-15 12:29:33,63.072915,0.63,27.54,0.0,,1.0
2024-11-15 12:29:33,63.199279,0.63,27.79,0.0,,1.0
2024-11-15 12:29:33,63.326155,0.63,27.79,0.0,,1.0
2024-11-15 12:29:33,63.453322,0.63,27.54,0.0,,1.0
2024-11-15 12:29:33,63.580304,0.64,27.79,0.0,,1.0
2024-11-15 12:29:33,63.706978,0.64,27.79,0.0,,1.0
2024-11-15 12:29:33,63.833853,0.64,27.79,0.0,,1.0
2024-11-15 12:29:33,63.96112,0.64,27.79,0.0,,1.0
2024-11-15 12:29:34,64.088052,0.64,27.54,0.0,,1.0
2024-11-15 12:29:34,64.214903,0.64,27.54,0.0,,1.0
2024-11-15 12:29:34,64.341934,0.64,27.54,0.0,,1.0
2024-11-15 12:29:34,64.469312,0.64,27.54,0.0,,1.0
2024-11-15 12:29:34,64.596052,0.64,27.54,0.0,,1.0
2024-11-15 12:29:34,64.722855,0.64,27.54,0.0,,1.0
2024-11-15 12:29:34,64.849865,0.64,27.54,0.0,,1.0
2024-11-15 12:29:35,64.977247,0.64,27.79,0.0,,1.0
2024-11-15 12:29:35,65.103819,0.64,27.54,0.0,,1.0
2024-11-15 12:29:35,65.230934,0.64,27.54,0.0,,1.0
2024-11-15 12:29:35,65.357643,0.65,27.54,0.0,,1.0
2024-11-15 12:29:35,65.484941,0.65,27.79,0.0,,1.0
2024-11-15 12:29:35,65.611636,0.65,27.54,0.0,,1.0
2024-11-15 12:29:35,65.738879,0.65,27.54,0.0,,1.0
2024-11-15 12:29:35,65.865562,0.65,27.54,0.0,,1.0
2024-11-15 12:29:36,65.993256,0.65,27.54,0.0,,1.0
2024-11-15 12:29:36,66.119493,0.65,27.54,0.0,,1.0
2024-11-15 12:29:36,66.246743,0.65,27.54,0.0,,1.0
2024-11-15 12:29:36,66.373513,0.65,27.54,0.0,,1.0
2024-11-15 12:29:36,66.500489,0.65,27.54,0.0,,1.0
2024-11-15 12:29:36,66.62752,0.65,27.54,0.0,,1.0
2024-11-15 12:29:36,66.754426,0.65,27.54,0.0,,1.0
2024-11-15 12:29:36,66.881489,0.65,27.54,0.0,,1.0
2024-11-15 12:29:37,67.008358,0.65,27.54,0.0,,1.0
2024-11-15 12:29:37,67.13545,0.65,27.54,0.0,,1.0
2024-11-15 12:29:37,67.262535,0.65,27.54,0.0,,1.0
2024-11-15 12:29:37,67.389223,0.65,27.54,0.0,,1.0
2024-11-15 12:29:37,67.512863,0.65,27.3,0.0,,1.0
2024-11-15 12:29:37,67.639251,0.65,27.54,0.0,,1.0
2024-11-15 12:29:37,67.766473,0.65,27.54,0.0,,1.0
2024-11-15 12:29:37,67.893501,0.65,27.54,0.0,,1.0
2024-11-15 12:29:38,68.016313,0.66,27.3,0.0,,1.0
2024-11-15 12:29:38,68.144227,0.66,27.3,0.0,,1.0
2024-11-15 12:29:38,68.273831,0.66,28.52,6.28,,1.0
2024-11-15 12:29:38,68.400831,0.66,28.27,5.79,,1.0
2024-11-15 12:29:38,68.527683,0.66,28.27,3.35,,1.0
2024-11-15 12:29:38,68.654817,0.67,25.83,22.65,,1.0
2024-11-15 12:29:38,68.782055,0.68,26.08,24.85,,1.0
2024-11-15 12:29:38,68.909102,0.68,26.81,11.9,,1.0
2024-11-15 12:29:39,69.036326,0.68,26.81,9.7,,1.0
2024-11-15 12:29:39,69.163231,0.68,27.05,7.99,,1.0
2024-11-15 12:29:39,69.290247,0.68,27.05,6.52,,1.0
2024-11-15 12:29:39,69.417409,0.68,27.05,5.79,,1.0
2024-11-15 12:29:39,69.544618,0.68,27.05,4.57,,1.0
2024-11-15 12:29:39,69.671869,0.68,27.3,4.08,,1.0
2024-11-15 12:29:39,69.798128,0.68,27.05,3.59,,1.0
2024-11-15 12:29:39,69.928537,0.68,27.05,2.61,,1.0
2024-11-15 12:29:40,70.055459,0.68,27.3,2.61,,1.0
2024-11-15 12:29:40,70.182447,0.68,27.05,2.37,,1.0
2024-11-15 12:29:40,70.309461,0.68,27.05,2.13,,1.0
2024-11-15 12:29:40,70.436547,0.68,27.05,1.88,,1.0
2024-11-15 12:29:40,70.563533,0.68,27.3,0.66,,1.0
2024-11-15 12:29:40,70.690416,0.68,27.05,0.66,,1.0
2024-11-15 12:29:40,70.817377,0.68,27.05,0.66,,1.0
2024-11-15 12:29:40,70.944521,0.68,27.05,0.0,,1.0
2024-11-15 12:29:41,71.07139,0.68,27.05,0.17,,1.0
2024-11-15 12:29:41,71.19856,0.68,27.05,0.17,,1.0
2024-11-15 12:29:41,71.325447,0.68,27.05,0.0,,1.0
2024-11-15 12:29:41,71.452743,0.68,27.05,0.17,,1.0
2024-11-15 12:29:41,71.579409,0.68,27.05,0.0,,1.0
2024-11-15 12:29:41,71.706618,0.68,27.05,0.0,,1.0
2024-11-15 12:29:41,71.833302,0.68,27.05,0.0,,1.0
2024-11-15 12:29:41,71.960388,0.69,27.05,0.0,,1.0
2024-11-15 12:29:42,72.083722,0.7,27.05,0.0,,1.0
2024-11-15 12:29:42,72.210354,0.71,27.05,0.0,,1.0
2024-11-15 12:29:42,72.337216,0.72,27.3,0.0,,1.0
2024-11-15 12:29:42,72.464201,0.73,27.05,0.0,,1.0
2024-11-15 12:29:42,72.587342,0.74,27.05,0.0,,1.0
2024-11-15 12:29:42,72.714054,0.75,27.3,0.0,,1.0
2024-11-15 12:29:42,72.841305,0.76,27.05,0.0,,1.0
2024-11-15 12:29:43,72.968103,0.77,27.05,0.0,,1.0
2024-11-15 12:29:43,73.095358,0.77,27.05,0.0,,1.0
2024-11-15 12:29:43,73.222018,0.77,27.05,0.0,,1.0
2024-11-15 12:29:43,73.349347,0.77,26.81,0.0,,1.0
2024-11-15 12:29:43,73.476278,0.77,27.05,0.0,,1.0
2024-11-15 12:29:43,73.603039,0.77,27.05,0.0,,1.0
2024-11-15 12:29:43,73.730248,0.77,27.05,0.0,,1.0
2024-11-15 12:29:43,73.857834,0.77,27.05,0.0,,1.0
2024-11-15 12:29:44,73.984954,0.78,27.05,0.0,,1.0
2024-11-15 12:29:44,74.111524,0.78,27.05,0.0,,1.0
2024-11-15 12:29:44,74.238446,0.78,27.05,0.0,,1.0
2024-11-15 12:29:44,74.365008,0.78,27.05,0.0,,1.0
2024-11-15 12:29:44,74.492232,0.78,27.05,0.0,,1.0
2024-11-15 12:29:44,74.619732,0.78,27.05,0.0,,1.0
2024-11-15 12:29:44,74.749528,0.78,27.05,0.0,,1.0
2024-11-15 12:29:44,74.876438,0.78,27.05,0.0,,1.0
2024-11-15 12:29:45,75.003734,0.78,26.81,0.0,,1.0
2024-11-15 12:29:45,75.130442,0.78,27.79,7.01,,1.0
2024-11-15 12:29:45,75.257279,0.78,28.03,6.28,,1.0
2024-11-15 12:29:45,75.384317,0.79,27.05,27.05,,1.0
2024-11-15 12:29:45,75.511513,0.8,26.08,22.9,,1.0
2024-11-15 12:29:45,75.638841,0.8,26.08,18.5,,1.0
2024-11-15 12:29:45,75.766023,0.8,26.81,13.12,,1.0
2024-11-15 12:29:45,75.896711,0.8,26.56,10.19,,1.0
2024-11-15 12:29:46,76.023621,0.8,26.56,5.79,,1.0
2024-11-15 12:29:46,76.150512,0.8,26.56,7.5,,1.0
2024-11-15 12:29:46,76.277537,0.8,26.81,6.28,,1.0
2024-11-15 12:29:46,76.404979,0.8,26.81,5.3,,1.0
2024-11-15 12:29:46,76.531403,0.8,26.81,4.08,,1.0
2024-11-15 12:29:46,76.658399,0.8,26.81,3.59,,1.0
2024-11-15 12:29:46,76.785736,0.8,26.56,1.15,,1.0
2024-11-15 12:29:46,76.912544,0.8,26.56,2.61,,1.0
2024-11-15 12:29:47,77.039412,0.8,26.56,2.13,,1.0
2024-11-15 12:29:47,77.166158,0.8,26.81,0.17,,1.0
2024-11-15 12:29:47,77.290182,0.8,26.81,0.9,,1.0
2024-11-15 12:29:47,77.416416,0.8,26.56,0.66,,1.0
2024-11-15 12:29:47,77.543704,0.8,26.56,0.66,,1.0
2024-11-15 12:29:47,77.669863,0.8,26.81,0.17,,1.0
2024-11-15 12:29:47,77.7935,0.8,26.56,0.0,,1.0
2024-11-15 12:29:47,77.923931,0.8,26.56,0.42,,1.0
2024-11-15 12:29:48,78.050743,0.8,26.81,0.0,,1.0
2024-11-15 12:29:48,78.177756,0.8,26.81,0.0,,1.0
2024-11-15 12:29:48,78.304886,0.81,26.56,0.0,,1.0
2024-11-15 12:29:48,78.431786,0.81,26.81,0.0,,1.0
2024-11-15 12:29:48,78.559202,0.82,26.56,0.0,,1.0
2024-11-15 12:29:48,78.686065,0.83,26.56,0.0,,1.0
2024-11-15 12:29:48,78.812745,0.83,26.56,0.0,,1.0
2024-11-15 12:29:48,78.940073,0.84,26.56,0.0,,1.0
2024-11-15 12:29:49,79.067577,0.84,26.81,0.0,,1.0
2024-11-15 12:29:49,79.193659,0.85,26.56,0.0,,1.0
2024-11-15 12:29:49,79.320899,0.85,26.56,0.0,,1.0
2024-11-15 12:29:49,79.448038,0.86,26.56,0.0,,1.0
2024-11-15 12:29:49,79.57457,0.86,26.56,0.0,,1.0
2024-11-15 12:29:49,79.701822,0.86,26.56,0.0,,1.0
2024-11-15 12:29:49,79.829038,0.86,26.56,0.0,,1.0
2024-11-15 12:29:49,79.955783,0.86,26.56,0.0,,1.0
2024-11-15 12:29:50,80.082993,0.86,26.56,0.0,,1.0
2024-11-15 12:29:50,80.209584,0.86,26.56,0.17,,1.0
2024-11-15 12:29:50,80.336738,0.86,26.56,0.0,,1.0
2024-11-15 12:29:50,80.463804,0.86,26.56,0.0,,1.0
2024-11-15 12:29:50,80.590482,0.86,26.56,0.0,,1.0
2024-11-15 12:29:50,80.71743,0.86,26.56,0.0,,1.0
2024-11-15 12:29:50,80.844893,0.86,26.56,0.0,,1.0
2024-11-15 12:29:51,80.971744,0.86,26.56,0.0,,1.0
2024-11-15 12:29:51,81.098503,0.86,26.56,0.0,,1.0
2024-11-15 12:29:51,81.225453,0.86,26.32,0.0,,1.0
2024-11-15 12:29:51,81.352841,0.87,26.56,0.0,,1.0
2024-11-15 12:29:51,81.479648,0.87,26.56,0.0,,1.0
2024-11-15 12:29:51,81.606242,0.87,26.56,0.0,,1.0
2024-11-15 12:29:51,81.730109,0.87,26.32,0.0,,1.0
2024-11-15 12:29:51,81.856874,0.87,26.56,0.0,,1.0
2024-11-15 12:29:52,81.983069,0.87,26.32,0.0,,1.0
2024-11-15 12:29:52,82.110217,0.87,26.32,0.0,,1.0
2024-11-15 12:29:52,82.233435,0.87,26.32,0.0,,1.0
2024-11-15 12:29:52,82.360389,0.87,26.32,0.0,,1.0
2024-11-15 12:29:52,82.487968,0.87,26.32,0.0,,1.0
2024-11-15 12:29:52,82.61491,0.87,26.56,0.0,,1.0
2024-11-15 12:29:52,82.744503,0.87,26.56,0.0,,1.0
2024-11-15 12:29:52,82.871469,0.88,26.56,0.0,,1.0
2024-11-15 12:29:53,82.998435,0.88,26.56,0.0,,1.0
2024-11-15 12:29:53,83.125445,0.88,26.56,0.0,,1.0
2024-11-15 12:29:53,83.25255,0.88,26.56,0.0,,1.0
2024-11-15 12:29:53,83.379457,0.88,26.32,0.0,,1.0
2024-11-15 12:29:53,83.506635,0.88,26.32,0.0,,1.0
2024-11-15 12:29:53,83.633782,0.88,26.32,0.0,,1.0
2024-11-15 12:29:53,83.760551,0.88,26.32,0.0,,1.0
2024-11-15 12:29:53,83.887407,0.88,26.32,0.0,,1.0
2024-11-15 12:29:54,84.014718,0.88,26.32,0.0,,1.0
2024-11-15 12:29:54,84.141873,0.88,26.56,0.0,,1.0
2024-11-15 12:29:54,84.268578,0.88,26.32,0.0,,1.0
2024-11-15 12:29:54,84.395458,0.88,26.32,0.0,,1.0
2024-11-15 12:29:54,84.522269,0.88,26.32,0.0,,1.0
2024-11-15 12:29:54,84.649254,0.88,26.56,0.0,,1.0
2024-11-15 12:29:54,84.776495,0.88,26.08,0.0,,1.0
2024-11-15 12:29:54,84.90344,0.88,26.32,0.0,,1.0
2024-11-15 12:29:55,85.030587,0.88,26.08,0.0,,1.0
2024-11-15 12:29:55,85.157437,0.88,26.32,0.0,,1.0
2024-11-15 12:29:55,85.284416,0.88,26.56,0.0,,1.0
2024-11-15 12:29:55,85.411854,0.88,26.32,0.0,,1.0
2024-11-15 12:29:55,85.538396,0.89,26.32,0.0,,1.0
2024-11-15 12:29:55,85.665264,0.89,26.32,0.0,,1.0
2024-11-15 12:29:55,85.792276,0.89,27.54,3.35,,1.0
2024-11-15 12:29:55,85.91581,0.89,27.3,7.26,,1.0
2024-11-15 12:29:56,86.042978,0.9,27.3,4.81,,1.0
2024-11-15 12:29:56,86.169143,0.91,26.32,26.56,,1.0
2024-11-15 12:29:56,86.296059,0.91,25.59,24.61,,1.0
2024-11-15 12:29:56,86.423213,0.91,25.83,12.39,,1.0
2024-11-15 12:29:56,86.550663,0.91,26.08,8.72,,1.0
2024-11-15 12:29:56,86.677016,0.91,26.08,7.5,,1.0
2024-11-15 12:29:56,86.803787,0.91,26.32,6.04,,1.0
2024-11-15 12:29:56,86.930812,0.91,26.08,5.3,,1.0
2024-11-15 12:29:57,87.058217,0.91,26.08,4.33,,1.0
2024-11-15 12:29:57,87.185014,0.91,26.08,3.84,,1.0
2024-11-15 12:29:57,87.311836,0.91,26.08,4.08,,1.0
2024-11-15 12:29:57,87.438931,0.91,26.08,3.1,,1.0
2024-11-15 12:29:57,87.565924,0.91,26.08,2.86,,1.0
2024-11-15 12:29:57,87.692725,0.91,26.08,2.61,,1.0
2024-11-15 12:29:57,87.819529,0.91,26.08,1.64,,1.0
2024-11-15 12:29:57,87.946804,0.91,26.08,1.64,,1.0
2024-11-15 12:29:58,88.073829,0.91,26.08,1.39,,1.0
2024-11-15 12:29:58,88.200865,0.91,26.08,0.66,,1.0
2024-11-15 12:29:58,88.327572,0.91,26.08,1.15,,1.0
2024-11-15 12:29:58,88.455074,0.91,26.08,0.66,,1.0
2024-11-15 12:29:58,88.582052,0.91,26.08,0.66,,1.0
2024-11-15 12:29:58,88.70877,0.91,26.08,0.9,,1.0
2024-11-15 12:29:58,88.835571,0.91,26.08,0.17,,1.0
2024-11-15 12:29:58,88.96261,0.91,26.08,0.0,,1.0
2024-11-15 12:29:59,89.089325,0.91,26.08,0.17,,1.0
2024-11-15 12:29:59,89.216311,0.91,26.08,0.17,,1.0
2024-11-15 12:29:59,89.343218,0.91,26.08,0.0,,1.0
2024-11-15 12:29:59,89.470288,0.92,26.08,0.0,,1.0
2024-11-15 12:29:59,89.597209,0.92,26.08,0.0,,1.0
2024-11-15 12:29:59,89.724302,0.93,26.08,0.0,,1.0
2024-11-15 12:29:59,89.851176,0.94,26.08,0.0,,1.0
2024-11-15 12:30:00,89.978237,0.95,26.08,0.0,,1.0
2024-11-15 12:30:00,90.105372,0.95,26.08,0.0,,1.0
2024-11-15 12:30:00,90.232145,0.96,26.08,0.0,,1.0
2024-11-15 12:30:00,90.359457,0.97,26.08,0.0,,1.0
2024-11-15 12:30:00,90.486036,0.97,26.08,0.0,,1.0
2024-11-15 12:30:00,90.609368,0.98,25.83,0.0,,1.0
2024-11-15 12:30:00,90.736917,0.98,25.83,0.0,,1.0
2024-11-15 12:30:00,90.863301,0.99,26.08,0.0,,1.0
2024-11-15 12:30:01,90.989882,0.99,25.83,0.0,,1.0
2024-11-15 12:30:01,91.116823,0.99,25.83,0.0,,1.0
2024-11-15 12:30:01,91.243663,0.99,26.08,0.0,,1.0
2024-11-15 12:30:01,91.371004,0.99,26.08,0.0,,1.0
2024-11-15 12:30:01,91.497995,0.99,25.83,0.0,,1.0
2024-11-15 12:30:01,91.624666,0.99,25.83,0.0,,1.0
2024-11-15 12:30:01,91.751987,0.99,26.08,0.0,,1.0
2024-11-15 12:30:01,91.878565,0.99,26.08,0.0,,1.0
2024-11-15 12:30:02,92.005785,1.0,25.83,0.0,,1.0
2024-11-15 12:30:02,92.132905,1.0,25.83,0.17,,1.0
2024-11-15 12:30:02,92.259871,1.0,25.83,0.0,,1.0
2024-11-15 12:30:02,92.386352,1.0,25.83,0.0,,1.0
2024-11-15 12:30:02,92.51373,1.0,26.08,0.0,,1.0
2024-11-15 12:30:02,92.640698,1.0,26.08,0.0,,1.0
2024-11-15 12:30:02,92.767903,1.0,26.08,0.0,,1.0
2024-11-15 12:30:02,92.894676,1.0,25.83,0.0,,1.0
2024-11-15 12:30:03,93.021595,1.0,25.83,0.0,,1.0
2024-11-15 12:30:03,93.148696,1.0,26.08,0.0,,1.0
2024-11-15 12:30:03,93.275321,1.0,26.08,0.0,,1.0
2024-11-15 12:30:03,93.403011,1.0,25.83,0.0,,1.0
2024-11-15 12:30:03,93.52938,1.01,25.83,0.0,,1.0
2024-11-15 12:30:03,93.656609,1.01,25.83,0.0,,1.0
2024-11-15 12:30:03,93.783397,1.01,25.83,0.0,,1.0
2024-11-15 12:30:03,93.910468,1.01,25.59,0.0,,1.0
2024-11-15 12:30:04,94.037467,1.01,25.83,0.0,,1.0
2024-11-15 12:30:04,94.164709,1.01,25.59,0.0,,1.0
2024-11-15 12:30:04,94.291192,1.01,25.83,0.0,,1.0
2024-11-15 12:30:04,94.418811,1.01,25.83,0.0,,1.0
2024-11-15 12:30:04,94.545713,1.01,25.83,0.0,,1.0
2024-11-15 12:30:04,94.672634,1.01,25.83,0.0,,1.0
2024-11-15 12:30:04,94.799183,1.01,25.83,0.0,,1.0
2024-11-15 12:30:04,94.926091,1.01,25.59,0.0,,1.0
2024-11-15 12:30:05,95.04955,1.02,25.83,0.0,,1.0
2024-11-15 12:30:05,95.176419,1.02,25.83,0.0,,1.0
2024-11-15 12:30:05,95.303084,1.02,25.83,0.0,,1.0
2024-11-15 12:30:05,95.430152,1.02,25.59,0.0,,1.0
2024-11-15 12:30:05,95.553603,1.02,25.83,0.0,,1.0
2024-11-15 12:30:05,95.683621,1.02,25.59,0.0,,1.0
2024-11-15 12:30:05,95.810541,1.02,25.59,0.0,,1.0
2024-11-15 12:30:05,95.937686,1.02,25.83,0.0,,1.0
2024-11-15 12:30:06,96.064645,1.02,25.83,0.0,,1.0
2024-11-15 12:30:06,96.191875,1.02,25.59,0.0,,1.0
2024-11-15 12:30:06,96.318538,1.02,25.59,0.0,,1.0
2024-11-15 12:30:06,96.445319,1.02,25.59,0.0,,1.0
2024-11-15 12:30:06,96.572497,1.02,25.59,0.0,,1.0
2024-11-15 12:30:06,96.699471,1.02,25.59,0.0,,1.0
2024-11-15 12:30:06,96.826366,1.02,25.59,0.0,,1.0
2024-11-15 12:30:06,96.953494,1.02,25.59,0.0,,1.0
2024-11-15 12:30:07,97.08036,1.02,25.59,0.0,,1.0
2024-11-15 12:30:07,97.207605,1.02,25.59,0.0,,1.0
2024-11-15 12:30:07,97.334575,1.02,25.83,0.0,,1.0
2024-11-15 12:30:07,97.461697,1.02,25.83,0.0,,1.0
2024-11-15 12:30:07,97.588844,1.02,25.59,0.0,,1.0
2024-11-15 12:30:07,97.715614,1.02,25.59,0.0,,1.0
2024-11-15 12:30:07,97.842504,1.02,25.83,0.0,,1.0
2024-11-15 12:30:08,97.969498,1.02,25.59,0.0,,1.0
2024-11-15 12:30:08,98.096597,1.02,25.59,0.0,,1.0
2024-11-15 12:30:08,98.223505,1.02,25.83,0.0,,1.0
2024-11-15 12:30:08,98.350609,1.02,25.59,0.0,,1.0
2024-11-15 12:30:08,98.47767,1.02,25.59,0.0,,1.0
2024-11-15 12:30:08,98.604893,1.02,25.83,0.0,,1.0
2024-11-15 12:30:08,98.731383,1.02,25.83,0.0,,1.0
2024-11-15 12:30:08,98.858733,1.02,25.83,0.0,,1.0
2024-11-15 12:30:09,98.985751,1.02,25.59,0.0,,1.0
2024-11-15 12:30:09,99.111965,1.02,25.59,0.0,,1.0
2024-11-15 12:30:09,99.239077,1.03,25.83,0.0,,1.0
2024-11-15 12:30:09,99.36239,1.03,25.83,0.0,,1.0
2024-11-15 12:30:09,99.489197,1.03,25.59,0.0,,1.0
2024-11-15 12:30:09,99.615925,1.03,25.59,0.0,,1.0
2024-11-15 12:30:09,99.743123,1.03,25.59,0.0,,1.0
2024-11-15 12:30:09,99.866258,1.03,25.59,0.0,,1.0
2024-11-15 12:30:10,99.993636,1.03,25.83,0.0,,1.0
2024-11-15 12:30:10,100.120054,1.03,25.83,0.0,,1.0
2024-11-15 12:30:10,100.247364,1.03,25.83,0.0,,1.0
2024-11-15 12:30:10,100.374852,1.03,25.83,0.0,,1.0
